4615
-18	87	-1
-18	87	1
-17	85	-1
-17	85	1
-17	86	-1
-17	86	1
-17	88	-1
-17	88	1
-17	89	-1
-17	89	1
-17	90	-1
-17	90	1
-16	83	-1
-16	83	1
-16	84	-1
-16	84	1
-16	91	-1
-16	91	1
-16	92	-1
-16	92	1
-16	93	-1
-16	93	1
-16	94	-1
-16	94	1
-15	82	-1
-15	82	1
-15	95	-1
-15	95	1
-14	81	-1
-14	81	1
-14	95	1
-14	96	-1
-14	96	1
-13	81	-1
-13	81	1
-13	97	-1
-13	97	1
-12	81	-1
-12	81	1
-12	98	-1
-12	98	1
-11	81	-1
-11	81	1
-11	99	-1
-11	99	1
-10	81	-1
-10	81	1
-10	99	-1
-10	100	-1
-10	100	1
-9	81	-1
-9	81	1
-9	100	1
-9	101	-1
-9	101	1
-8	81	-1
-8	81	1
-8	101	-1
-8	102	1
-7	48	-1
-7	48	1
-7	81	-1
-7	81	1
-7	102	-1
-7	102	1
-7	103	-1
-6	7	-1
-6	7	1
-6	8	-1
-6	8	1
-6	48	-1
-6	48	1
-6	49	-1
-6	49	1
-6	81	-1
-6	81	1
-6	103	-1
-6	103	1
-6	104	1
-5	6	-1
-5	6	1
-5	9	-1
-5	9	1
-5	47	-1
-5	47	1
-5	50	-1
-5	50	1
-5	51	1
-5	81	-1
-5	81	1
-5	104	-1
-5	104	1
-5	105	-1
-4	6	-1
-4	6	1
-4	9	-1
-4	9	1
-4	10	-1
-4	10	1
-4	46	-1
-4	46	1
-4	51	-1
-4	51	1
-4	52	-1
-4	81	-1
-4	81	1
-4	105	-1
-4	105	1
-4	106	1
-3	5	-1
-3	5	1
-3	11	-1
-3	11	1
-3	12	-1
-3	12	1
-3	13	-1
-3	13	1
-3	14	-1
-3	14	1
-3	15	-1
-3	15	1
-3	16	-1
-3	16	1
-3	17	-1
-3	17	1
-3	45	-1
-3	45	1
-3	52	-1
-3	52	1
-3	53	1
-3	81	-1
-3	81	1
-3	106	-1
-3	106	1
-2	5	-1
-2	5	1
-2	11	-1
-2	11	1
-2	18	-1
-2	18	1
-2	19	-1
-2	19	1
-2	20	-1
-2	20	1
-2	21	-1
-2	21	1
-2	22	-1
-2	22	1
-2	23	-1
-2	23	1
-2	24	-1
-2	24	1
-2	25	-1
-2	25	1
-2	26	-1
-2	26	1
-2	27	-1
-2	27	1
-2	28	-1
-2	28	1
-2	29	-1
-2	29	1
-2	30	-1
-2	30	1
-2	31	-1
-2	31	1
-2	32	-1
-2	32	1
-2	33	-1
-2	33	1
-2	34	-1
-2	34	1
-2	35	-1
-2	35	1
-2	36	-1
-2	36	1
-2	37	-1
-2	37	1
-2	38	-1
-2	38	1
-2	39	-1
-2	39	1
-2	44	-1
-2	44	1
-2	53	-1
-2	54	-1
-2	54	1
-2	80	-1
-2	80	1
-2	82	-1
-2	82	1
-2	83	-1
-2	83	1
-2	107	-1
-2	107	1
-1	4	-1
-1	4	1
-1	11	-1
-1	11	1
-1	26	-1
-1	26	1
-1	40	-1
-1	40	1
-1	41	-1
-1	41	1
-1	42	-1
-1	42	1
-1	43	-1
-1	43	1
-1	44	-1
-1	44	1
-1	54	1
-1	55	-1
-1	55	1
-1	80	-1
-1	80	1
-1	84	-1
-1	84	1
-1	85	-1
-1	108	-1
-1	108	1
0	4	-1
0	4	1
0	12	-1
0	12	1
0	26	-1
0	26	1
0	43	-1
0	43	1
0	55	-1
0	56	-1
0	56	1
0	79	-1
0	80	-1
0	80	1
0	85	-1
0	85	1
0	86	-1
0	86	1
0	87	-1
0	109	-1
0	109	1
1	3	-1
1	3	1
1	12	-1
1	12	1
1	26	-1
1	26	1
1	42	-1
1	42	1
1	57	-1
1	57	1
1	79	-1
1	79	1
1	87	-1
1	87	1
1	88	-1
1	88	1
1	109	-1
1	109	1
2	3	-1
2	3	1
2	12	-1
2	12	1
2	27	-1
2	27	1
2	42	-1
2	42	1
2	57	1
2	58	-1
2	58	1
2	79	-1
2	79	1
2	89	-1
2	89	1
2	90	-1
2	90	1
2	109	-1
2	109	1
3	2	-1
3	2	1
3	12	-1
3	12	1
3	27	-1
3	27	1
3	41	-1
3	41	1
3	42	-1
3	42	1
3	58	-1
3	58	1
3	78	-1
3	79	1
3	91	-1
3	91	1
3	92	-1
3	109	-1
3	109	1
4	1	-1
4	1	1
4	2	-1
4	2	1
4	12	1
4	13	-1
4	13	1
4	27	-1
4	27	1
4	39	-1
4	39	1
4	40	-1
4	40	1
4	43	-1
4	43	1
4	58	-1
4	58	1
4	78	-1
4	78	1
4	92	-1
4	92	1
4	93	-1
4	93	1
4	94	-1
4	108	-1
4	108	1
4	109	-1
4	109	1
4	110	-1
4	110	1
4	111	-1
4	111	1
5	-3	-1
5	-3	1
5	-2	-1
5	-2	1
5	-1	-1
5	-1	1
5	0	-1
5	0	1
5	3	-1
5	3	1
5	13	-1
5	13	1
5	27	-1
5	27	1
5	38	-1
5	38	1
5	44	-1
5	44	1
5	57	-1
5	57	1
5	58	-1
5	58	1
5	59	-1
5	59	1
5	78	-1
5	78	1
5	94	-1
5	94	1
5	95	-1
5	95	1
5	108	-1
5	108	1
5	112	-1
5	112	1
5	113	-1
5	113	1
6	-7	-1
6	-7	1
6	-6	-1
6	-6	1
6	-5	-1
6	-5	1
6	-4	-1
6	-4	1
6	0	-1
6	0	1
6	4	-1
6	4	1
6	13	-1
6	13	1
6	27	-1
6	27	1
6	37	-1
6	37	1
6	44	-1
6	44	1
6	45	-1
6	45	1
6	55	-1
6	55	1
6	56	-1
6	56	1
6	60	-1
6	60	1
6	61	-1
6	61	1
6	75	-1
6	75	1
6	76	-1
6	76	1
6	77	-1
6	77	1
6	78	-1
6	78	1
6	96	-1
6	96	1
6	97	-1
6	97	1
6	106	1
6	107	-1
6	107	1
6	114	-1
6	114	1
7	-10	-1
7	-10	1
7	-9	-1
7	-9	1
7	-8	-1
7	-8	1
7	0	-1
7	0	1
7	5	-1
7	5	1
7	13	-1
7	13	1
7	27	-1
7	27	1
7	35	-1
7	35	1
7	36	-1
7	36	1
7	46	-1
7	46	1
7	54	-1
7	54	1
7	55	-1
7	55	1
7	61	-1
7	61	1
7	62	-1
7	62	1
7	72	-1
7	72	1
7	73	-1
7	73	1
7	74	-1
7	74	1
7	79	-1
7	79	1
7	97	-1
7	97	1
7	98	-1
7	98	1
7	99	-1
7	106	-1
7	106	1
7	115	-1
7	115	1
7	116	-1
7	116	1
7	117	-1
7	117	1
8	-10	-1
8	-10	1
8	1	-1
8	1	1
8	6	-1
8	6	1
8	13	-1
8	13	1
8	27	-1
8	27	1
8	28	-1
8	28	1
8	33	-1
8	33	1
8	34	-1
8	34	1
8	46	-1
8	46	1
8	52	-1
8	52	1
8	53	-1
8	53	1
8	54	-1
8	54	1
8	63	-1
8	63	1
8	69	-1
8	69	1
8	70	-1
8	70	1
8	71	-1
8	71	1
8	79	-1
8	79	1
8	80	-1
8	80	1
8	99	-1
8	99	1
8	100	-1
8	100	1
8	101	-1
8	105	-1
8	105	1
8	117	-1
8	117	1
9	-9	-1
9	-9	1
9	1	-1
9	1	1
9	7	-1
9	7	1
9	14	-1
9	14	1
9	28	-1
9	28	1
9	32	-1
9	32	1
9	33	-1
9	33	1
9	47	-1
9	47	1
9	51	-1
9	51	1
9	52	-1
9	52	1
9	64	-1
9	64	1
9	67	-1
9	67	1
9	68	-1
9	68	1
9	80	-1
9	80	1
9	101	-1
9	101	1
9	102	-1
9	102	1
9	104	-1
9	104	1
9	118	-1
9	118	1
10	-9	-1
10	-9	1
10	1	-1
10	1	1
10	8	-1
10	8	1
10	14	-1
10	14	1
10	28	-1
10	28	1
10	30	-1
10	30	1
10	31	-1
10	31	1
10	48	-1
10	48	1
10	50	-1
10	50	1
10	65	-1
10	65	1
10	66	-1
10	66	1
10	67	-1
10	67	1
10	81	-1
10	81	1
10	101	-1
10	101	1
10	102	-1
10	102	1
10	103	-1
10	103	1
10	104	-1
10	104	1
10	118	-1
10	118	1
11	-8	-1
11	-8	1
11	2	-1
11	2	1
11	9	-1
11	9	1
11	14	-1
11	14	1
11	28	-1
11	28	1
11	29	-1
11	29	1
11	49	-1
11	49	1
11	65	-1
11	65	1
11	81	-1
11	81	1
11	98	-1
11	98	1
11	99	-1
11	99	1
11	100	-1
11	100	1
11	104	-1
11	104	1
11	118	1
11	119	-1
12	-8	-1
12	-8	1
12	2	-1
12	2	1
12	10	-1
12	10	1
12	14	-1
12	14	1
12	28	-1
12	28	1
12	48	-1
12	48	1
12	65	-1
12	65	1
12	66	-1
12	66	1
12	82	-1
12	82	1
12	83	-1
12	83	1
12	95	-1
12	95	1
12	96	-1
12	96	1
12	97	-1
12	97	1
12	104	-1
12	104	1
12	119	-1
12	119	1
13	-7	-1
13	-7	1
13	2	-1
13	2	1
13	11	-1
13	11	1
13	14	-1
13	14	1
13	15	1
13	27	-1
13	27	1
13	29	-1
13	29	1
13	30	-1
13	30	1
13	48	-1
13	48	1
13	64	-1
13	64	1
13	67	-1
13	67	1
13	81	-1
13	81	1
13	82	-1
13	82	1
13	84	-1
13	84	1
13	85	-1
13	85	1
13	86	-1
13	86	1
13	93	-1
13	93	1
13	94	-1
13	94	1
13	95	-1
13	95	1
13	104	-1
13	104	1
13	119	1
13	120	-1
13	120	1
14	-7	-1
14	-7	1
14	3	-1
14	3	1
14	9	-1
14	9	1
14	10	-1
14	10	1
14	11	-1
14	11	1
14	12	-1
14	12	1
14	13	-1
14	13	1
14	14	-1
14	14	1
14	15	-1
14	15	1
14	16	-1
14	16	1
14	26	-1
14	26	1
14	31	-1
14	31	1
14	32	-1
14	32	1
14	33	-1
14	33	1
14	47	-1
14	47	1
14	48	-1
14	48	1
14	64	-1
14	64	1
14	68	-1
14	68	1
14	81	-1
14	81	1
14	86	-1
14	86	1
14	87	-1
14	87	1
14	88	-1
14	90	-1
14	90	1
14	91	-1
14	91	1
14	92	-1
14	92	1
14	104	-1
14	104	1
14	120	-1
14	120	1
15	-6	-1
15	-6	1
15	3	-1
15	3	1
15	5	-1
15	5	1
15	6	-1
15	6	1
15	7	-1
15	7	1
15	8	-1
15	8	1
15	16	-1
15	16	1
15	17	-1
15	17	1
15	25	-1
15	25	1
15	33	-1
15	33	1
15	34	-1
15	34	1
15	47	-1
15	47	1
15	49	-1
15	49	1
15	50	-1
15	50	1
15	51	-1
15	51	1
15	52	-1
15	52	1
15	64	-1
15	64	1
15	69	-1
15	69	1
15	81	-1
15	81	1
15	88	-1
15	88	1
15	89	-1
15	89	1
15	90	-1
15	90	1
15	104	-1
15	104	1
15	121	-1
15	121	1
16	-6	-1
16	-6	1
16	-5	-1
16	-5	1
16	2	-1
16	2	1
16	3	-1
16	3	1
16	4	-1
16	4	1
16	17	-1
16	17	1
16	18	-1
16	18	1
16	19	-1
16	19	1
16	23	-1
16	23	1
16	24	-1
16	24	1
16	35	-1
16	35	1
16	36	-1
16	36	1
16	37	-1
16	37	1
16	46	-1
16	46	1
16	53	-1
16	53	1
16	54	-1
16	54	1
16	55	-1
16	55	1
16	56	-1
16	56	1
16	63	-1
16	63	1
16	70	-1
16	70	1
16	80	-1
16	80	1
16	89	-1
16	89	1
16	104	-1
16	104	1
16	121	-1
16	121	1
16	122	-1
17	-5	-1
17	-5	1
17	1	-1
17	1	1
17	2	-1
17	2	1
17	19	-1
17	19	1
17	20	-1
17	20	1
17	22	-1
17	22	1
17	23	-1
17	23	1
17	38	-1
17	38	1
17	39	-1
17	39	1
17	45	-1
17	45	1
17	46	-1
17	46	1
17	57	-1
17	57	1
17	58	-1
17	58	1
17	59	-1
17	59	1
17	60	-1
17	60	1
17	63	-1
17	63	1
17	71	-1
17	71	1
17	80	-1
17	80	1
17	89	-1
17	89	1
17	104	-1
17	104	1
17	122	-1
17	122	1
18	-5	-1
18	-5	1
18	-1	-1
18	-1	1
18	0	-1
18	0	1
18	21	-1
18	21	1
18	22	-1
18	22	1
18	40	-1
18	40	1
18	41	-1
18	41	1
18	42	-1
18	42	1
18	44	-1
18	44	1
18	45	-1
18	45	1
18	61	-1
18	61	1
18	62	-1
18	62	1
18	63	-1
18	63	1
18	72	-1
18	72	1
18	79	-1
18	79	1
18	80	-1
18	80	1
18	89	-1
18	89	1
18	104	-1
18	104	1
18	122	-1
18	122	1
19	-4	-1
19	-4	1
19	-3	-1
19	-3	1
19	-2	-1
19	-2	1
19	21	-1
19	21	1
19	22	-1
19	22	1
19	23	-1
19	23	1
19	43	-1
19	43	1
19	44	-1
19	44	1
19	62	-1
19	62	1
19	73	-1
19	73	1
19	79	-1
19	79	1
19	89	-1
19	89	1
19	104	-1
19	104	1
19	105	-1
19	105	1
19	123	-1
19	123	1
20	-4	-1
20	-4	1
20	-3	-1
20	-3	1
20	21	-1
20	21	1
20	24	-1
20	24	1
20	25	-1
20	25	1
20	44	-1
20	44	1
20	62	-1
20	62	1
20	74	-1
20	74	1
20	79	-1
20	79	1
20	89	-1
20	89	1
20	105	-1
20	105	1
20	123	-1
20	123	1
21	-4	-1
21	-4	1
21	-3	-1
21	-3	1
21	-2	-1
21	-2	1
21	20	-1
21	20	1
21	25	-1
21	25	1
21	26	-1
21	26	1
21	44	-1
21	44	1
21	62	-1
21	62	1
21	75	-1
21	75	1
21	78	-1
21	78	1
21	89	-1
21	89	1
21	90	-1
21	90	1
21	105	-1
21	105	1
21	123	-1
21	123	1
22	-6	-1
22	-6	1
22	-5	-1
22	-5	1
22	-1	-1
22	-1	1
22	0	-1
22	0	1
22	20	-1
22	20	1
22	27	-1
22	27	1
22	28	-1
22	28	1
22	45	-1
22	45	1
22	62	-1
22	62	1
22	76	-1
22	76	1
22	78	-1
22	78	1
22	89	-1
22	89	1
22	91	-1
22	91	1
22	92	-1
22	92	1
22	105	-1
22	105	1
22	121	-1
22	121	1
22	122	-1
22	122	1
23	-6	-1
23	-6	1
23	0	-1
23	0	1
23	1	-1
23	1	1
23	20	-1
23	20	1
23	28	-1
23	28	1
23	29	-1
23	29	1
23	45	-1
23	45	1
23	62	-1
23	62	1
23	77	-1
23	77	1
23	88	-1
23	88	1
23	93	-1
23	93	1
23	94	-1
23	94	1
23	105	-1
23	105	1
23	121	-1
23	121	1
24	-7	-1
24	-7	1
24	1	-1
24	1	1
24	2	-1
24	2	1
24	19	-1
24	19	1
24	21	-1
24	21	1
24	30	-1
24	30	1
24	31	-1
24	31	1
24	45	-1
24	45	1
24	62	-1
24	62	1
24	76	-1
24	77	-1
24	77	1
24	78	-1
24	78	1
24	79	-1
24	79	1
24	87	-1
24	87	1
24	94	-1
24	94	1
24	95	-1
24	95	1
24	105	-1
24	105	1
24	120	-1
24	120	1
25	-8	-1
25	-8	1
25	-7	-1
25	3	-1
25	3	1
25	4	-1
25	4	1
25	18	-1
25	18	1
25	22	-1
25	22	1
25	31	-1
25	31	1
25	32	-1
25	32	1
25	46	-1
25	46	1
25	47	-1
25	47	1
25	48	-1
25	48	1
25	49	-1
25	49	1
25	50	-1
25	50	1
25	51	-1
25	51	1
25	52	-1
25	52	1
25	53	-1
25	53	1
25	62	-1
25	62	1
25	75	-1
25	75	1
25	76	-1
25	76	1
25	80	-1
25	80	1
25	81	-1
25	81	1
25	82	-1
25	82	1
25	86	-1
25	86	1
25	95	-1
25	95	1
25	96	-1
25	96	1
25	97	-1
25	97	1
25	105	-1
25	105	1
25	119	-1
25	119	1
25	120	-1
25	120	1
26	-9	-1
26	-9	1
26	4	-1
26	4	1
26	5	-1
26	5	1
26	17	-1
26	17	1
26	18	-1
26	23	-1
26	23	1
26	33	-1
26	33	1
26	34	-1
26	34	1
26	45	-1
26	45	1
26	54	-1
26	54	1
26	55	-1
26	55	1
26	56	-1
26	56	1
26	57	-1
26	57	1
26	58	-1
26	58	1
26	59	-1
26	59	1
26	60	-1
26	60	1
26	61	-1
26	61	1
26	62	-1
26	62	1
26	74	-1
26	74	1
26	75	-1
26	83	-1
26	83	1
26	84	-1
26	84	1
26	86	-1
26	86	1
26	97	-1
26	97	1
26	98	-1
26	98	1
26	105	-1
26	105	1
26	118	-1
26	118	1
27	-9	-1
27	-9	1
27	5	-1
27	5	1
27	6	-1
27	6	1
27	16	-1
27	17	-1
27	17	1
27	24	-1
27	24	1
27	34	-1
27	34	1
27	35	-1
27	35	1
27	45	-1
27	45	1
27	62	-1
27	62	1
27	63	-1
27	63	1
27	64	-1
27	64	1
27	73	-1
27	73	1
27	74	-1
27	74	1
27	85	-1
27	85	1
27	98	-1
27	98	1
27	99	-1
27	99	1
27	100	-1
27	100	1
27	105	-1
27	105	1
27	118	-1
27	118	1
28	-11	-1
28	-10	-1
28	-10	1
28	7	-1
28	7	1
28	8	-1
28	8	1
28	16	-1
28	16	1
28	25	-1
28	25	1
28	36	-1
28	36	1
28	37	-1
28	37	1
28	45	-1
28	45	1
28	62	-1
28	62	1
28	65	-1
28	65	1
28	66	-1
28	66	1
28	67	-1
28	67	1
28	68	-1
28	68	1
28	72	-1
28	72	1
28	73	-1
28	85	-1
28	85	1
28	100	-1
28	100	1
28	101	-1
28	101	1
28	105	-1
28	105	1
28	116	-1
28	116	1
28	117	-1
28	117	1
29	-11	-1
29	-11	1
29	8	-1
29	8	1
29	9	-1
29	9	1
29	15	-1
29	15	1
29	26	-1
29	26	1
29	37	-1
29	37	1
29	38	-1
29	38	1
29	44	-1
29	44	1
29	61	-1
29	61	1
29	62	-1
29	62	1
29	69	-1
29	69	1
29	70	-1
29	70	1
29	71	-1
29	71	1
29	72	-1
29	72	1
29	86	-1
29	86	1
29	102	-1
29	102	1
29	106	-1
29	106	1
29	116	-1
29	116	1
30	-12	-1
30	-12	1
30	9	-1
30	9	1
30	10	-1
30	10	1
30	14	-1
30	14	1
30	27	-1
30	27	1
30	39	-1
30	39	1
30	43	-1
30	43	1
30	44	-1
30	44	1
30	60	-1
30	60	1
30	61	-1
30	61	1
30	62	-1
30	62	1
30	71	-1
30	71	1
30	72	-1
30	73	-1
30	73	1
30	86	-1
30	86	1
30	103	-1
30	103	1
30	104	-1
30	104	1
30	106	-1
30	106	1
30	115	-1
30	115	1
31	-13	-1
31	-13	1
31	11	-1
31	11	1
31	12	-1
31	12	1
31	13	-1
31	14	-1
31	14	1
31	28	-1
31	28	1
31	36	-1
31	37	-1
31	37	1
31	38	-1
31	38	1
31	39	-1
31	39	1
31	40	-1
31	40	1
31	41	-1
31	41	1
31	42	-1
31	42	1
31	43	-1
31	43	1
31	60	-1
31	60	1
31	62	-1
31	62	1
31	71	-1
31	71	1
31	73	-1
31	73	1
31	74	-1
31	74	1
31	86	-1
31	86	1
31	87	-1
31	87	1
31	88	1
31	104	-1
31	104	1
31	105	-1
31	105	1
31	106	-1
31	106	1
31	114	-1
31	114	1
32	-14	-1
32	-14	1
32	-13	-1
32	-13	1
32	12	-1
32	12	1
32	13	-1
32	13	1
32	29	-1
32	29	1
32	32	-1
32	33	-1
32	33	1
32	34	-1
32	34	1
32	35	-1
32	35	1
32	36	-1
32	36	1
32	44	-1
32	44	1
32	59	-1
32	59	1
32	62	-1
32	62	1
32	71	-1
32	71	1
32	75	-1
32	75	1
32	76	-1
32	76	1
32	84	-1
32	84	1
32	85	-1
32	85	1
32	88	-1
32	88	1
32	89	-1
32	89	1
32	90	1
32	106	-1
32	106	1
32	113	-1
32	113	1
32	114	-1
32	114	1
33	-15	-1
33	-15	1
33	-14	-1
33	-14	1
33	12	-1
33	12	1
33	30	-1
33	30	1
33	31	-1
33	31	1
33	32	-1
33	32	1
33	44	-1
33	44	1
33	58	-1
33	58	1
33	62	-1
33	62	1
33	71	-1
33	71	1
33	77	-1
33	77	1
33	83	-1
33	83	1
33	90	-1
33	90	1
33	91	-1
33	91	1
33	106	-1
33	106	1
33	111	-1
33	111	1
33	112	-1
33	112	1
33	113	-1
33	113	1
34	-13	-1
34	-13	1
34	-12	-1
34	-12	1
34	-11	-1
34	-11	1
34	-10	-1
34	-10	1
34	12	-1
34	12	1
34	30	-1
34	30	1
34	44	-1
34	44	1
34	57	-1
34	57	1
34	63	-1
34	63	1
34	71	-1
34	71	1
34	78	-1
34	78	1
34	82	-1
34	82	1
34	92	-1
34	92	1
34	93	-1
34	93	1
34	107	-1
34	107	1
34	109	-1
34	109	1
34	110	-1
34	110	1
34	111	1
34	114	-1
34	114	1
34	115	-1
34	115	1
34	116	-1
34	116	1
34	117	-1
34	117	1
35	-9	-1
35	-9	1
35	-8	-1
35	-8	1
35	-7	-1
35	-7	1
35	-6	-1
35	-6	1
35	12	-1
35	12	1
35	30	-1
35	30	1
35	44	-1
35	44	1
35	56	-1
35	56	1
35	57	-1
35	57	1
35	63	-1
35	63	1
35	71	-1
35	71	1
35	79	-1
35	79	1
35	80	-1
35	80	1
35	81	-1
35	81	1
35	94	-1
35	94	1
35	95	-1
35	95	1
35	107	-1
35	107	1
35	108	-1
35	108	1
35	118	-1
35	118	1
35	119	-1
35	119	1
35	120	-1
35	120	1
35	121	-1
35	121	1
36	-5	-1
36	-5	1
36	-4	-1
36	-4	1
36	-3	-1
36	-3	1
36	-2	-1
36	-2	1
36	12	-1
36	12	1
36	30	-1
36	30	1
36	44	-1
36	44	1
36	55	-1
36	55	1
36	56	-1
36	56	1
36	63	-1
36	63	1
36	71	-1
36	71	1
36	80	-1
36	80	1
36	96	-1
36	96	1
36	97	-1
36	97	1
36	106	-1
36	106	1
36	108	-1
36	108	1
36	122	-1
36	122	1
36	123	-1
36	123	1
36	124	-1
36	124	1
36	125	-1
36	125	1
37	-1	-1
37	-1	1
37	0	-1
37	0	1
37	1	-1
37	1	1
37	2	1
37	11	-1
37	11	1
37	30	-1
37	30	1
37	44	-1
37	44	1
37	55	-1
37	55	1
37	63	-1
37	63	1
37	71	-1
37	71	1
37	80	-1
37	80	1
37	97	1
37	98	-1
37	98	1
37	99	-1
37	99	1
37	106	-1
37	106	1
37	109	-1
37	109	1
37	126	-1
37	126	1
37	127	-1
37	127	1
37	128	-1
37	128	1
37	129	-1
38	2	-1
38	3	-1
38	3	1
38	4	-1
38	4	1
38	5	-1
38	5	1
38	11	-1
38	11	1
38	30	-1
38	30	1
38	45	-1
38	45	1
38	54	-1
38	54	1
38	63	-1
38	63	1
38	71	-1
38	71	1
38	80	-1
38	80	1
38	99	1
38	100	-1
38	100	1
38	101	-1
38	101	1
38	105	-1
38	105	1
38	110	-1
38	110	1
38	111	-1
38	111	1
38	129	1
38	130	-1
38	130	1
38	131	-1
38	131	1
38	132	-1
38	132	1
39	6	-1
39	6	1
39	7	-1
39	7	1
39	8	-1
39	8	1
39	9	-1
39	11	-1
39	11	1
39	30	-1
39	30	1
39	45	-1
39	45	1
39	53	-1
39	53	1
39	63	-1
39	63	1
39	71	-1
39	71	1
39	80	-1
39	80	1
39	101	-1
39	101	1
39	102	-1
39	102	1
39	104	-1
39	104	1
39	105	-1
39	105	1
39	112	-1
39	112	1
39	113	-1
39	113	1
39	133	-1
39	133	1
39	134	-1
39	134	1
39	135	-1
39	135	1
39	136	1
40	9	1
40	10	-1
40	10	1
40	11	-1
40	11	1
40	12	-1
40	12	1
40	13	-1
40	13	1
40	14	-1
40	14	1
40	30	-1
40	30	1
40	45	-1
40	45	1
40	52	-1
40	52	1
40	53	-1
40	53	1
40	63	-1
40	63	1
40	71	-1
40	71	1
40	80	-1
40	80	1
40	103	-1
40	103	1
40	104	-1
40	104	1
40	113	-1
40	113	1
40	114	-1
40	114	1
40	136	-1
40	137	-1
40	137	1
41	10	-1
41	10	1
41	15	-1
41	15	1
41	16	-1
41	16	1
41	17	-1
41	17	1
41	18	-1
41	18	1
41	30	-1
41	30	1
41	45	-1
41	45	1
41	51	-1
41	51	1
41	52	-1
41	52	1
41	61	-1
41	61	1
41	62	-1
41	62	1
41	64	-1
41	64	1
41	65	-1
41	65	1
41	71	-1
41	71	1
41	80	-1
41	80	1
41	103	-1
41	103	1
41	115	-1
41	115	1
41	116	-1
41	116	1
41	137	-1
41	137	1
42	10	-1
42	10	1
42	19	-1
42	19	1
42	20	-1
42	20	1
42	21	-1
42	21	1
42	22	-1
42	22	1
42	23	-1
42	23	1
42	30	-1
42	30	1
42	45	-1
42	45	1
42	50	-1
42	50	1
42	51	-1
42	51	1
42	58	-1
42	58	1
42	59	-1
42	59	1
42	60	-1
42	60	1
42	66	-1
42	66	1
42	67	-1
42	67	1
42	68	-1
42	68	1
42	71	-1
42	71	1
42	80	-1
42	80	1
42	103	-1
42	103	1
42	117	-1
42	117	1
42	137	-1
42	137	1
43	8	1
43	9	-1
43	9	1
43	10	-1
43	10	1
43	24	-1
43	24	1
43	25	-1
43	25	1
43	26	-1
43	26	1
43	27	-1
43	27	1
43	30	-1
43	30	1
43	45	-1
43	45	1
43	49	-1
43	49	1
43	50	-1
43	50	1
43	54	-1
43	54	1
43	55	-1
43	55	1
43	56	-1
43	56	1
43	57	-1
43	57	1
43	58	-1
43	58	1
43	61	-1
43	61	1
43	69	-1
43	69	1
43	70	-1
43	70	1
43	71	-1
43	71	1
43	80	-1
43	80	1
43	103	-1
43	103	1
43	118	-1
43	118	1
43	136	-1
43	136	1
43	137	-1
43	137	1
44	7	-1
44	7	1
44	8	-1
44	10	-1
44	10	1
44	28	-1
44	28	1
44	29	-1
44	29	1
44	30	-1
44	30	1
44	46	-1
44	46	1
44	49	-1
44	49	1
44	50	-1
44	50	1
44	51	-1
44	51	1
44	52	-1
44	52	1
44	53	-1
44	53	1
44	54	-1
44	54	1
44	61	-1
44	61	1
44	70	-1
44	70	1
44	71	-1
44	71	1
44	80	-1
44	80	1
44	102	-1
44	102	1
44	119	-1
44	119	1
44	120	-1
44	120	1
44	134	-1
44	134	1
44	135	-1
44	135	1
45	5	-1
45	6	-1
45	6	1
45	10	-1
45	10	1
45	31	-1
45	31	1
45	46	-1
45	46	1
45	47	-1
45	47	1
45	48	-1
45	48	1
45	49	-1
45	49	1
45	50	-1
45	50	1
45	62	-1
45	62	1
45	72	-1
45	72	1
45	80	-1
45	80	1
45	102	-1
45	102	1
45	121	-1
45	121	1
45	122	-1
45	122	1
45	132	-1
45	132	1
45	133	-1
45	133	1
46	4	-1
46	4	1
46	5	-1
46	5	1
46	11	-1
46	11	1
46	32	-1
46	32	1
46	46	-1
46	46	1
46	47	-1
46	62	-1
46	62	1
46	72	-1
46	72	1
46	73	-1
46	73	1
46	79	-1
46	79	1
46	80	-1
46	80	1
46	81	-1
46	81	1
46	82	-1
46	82	1
46	83	-1
46	83	1
46	84	-1
46	84	1
46	102	-1
46	102	1
46	122	-1
46	122	1
46	123	-1
46	123	1
46	131	-1
46	131	1
46	132	-1
46	132	1
47	2	-1
47	2	1
47	3	-1
47	3	1
47	11	-1
47	11	1
47	33	-1
47	33	1
47	46	-1
47	46	1
47	63	-1
47	63	1
47	73	-1
47	73	1
47	74	-1
47	74	1
47	75	-1
47	75	1
47	76	-1
47	76	1
47	77	-1
47	77	1
47	78	-1
47	78	1
47	84	-1
47	84	1
47	85	-1
47	85	1
47	86	-1
47	86	1
47	87	-1
47	87	1
47	88	-1
47	88	1
47	89	-1
47	89	1
47	90	-1
47	90	1
47	91	-1
47	91	1
47	92	-1
47	92	1
47	93	-1
47	93	1
47	102	-1
47	102	1
47	124	-1
47	124	1
47	125	-1
47	125	1
47	129	-1
47	129	1
47	130	-1
47	130	1
48	0	-1
48	1	-1
48	1	1
48	11	-1
48	11	1
48	34	-1
48	34	1
48	45	-1
48	45	1
48	63	-1
48	63	1
48	71	1
48	72	-1
48	72	1
48	78	-1
48	78	1
48	94	-1
48	94	1
48	95	-1
48	95	1
48	96	-1
48	96	1
48	97	-1
48	97	1
48	98	-1
48	98	1
48	99	-1
48	99	1
48	100	-1
48	100	1
48	101	-1
48	101	1
48	125	-1
48	125	1
48	126	-1
48	126	1
48	127	-1
48	127	1
48	128	-1
48	128	1
49	-1	-1
49	-1	1
49	0	-1
49	0	1
49	11	-1
49	11	1
49	12	-1
49	12	1
49	33	-1
49	33	1
49	34	-1
49	34	1
49	35	-1
49	35	1
49	36	-1
49	36	1
49	37	-1
49	37	1
49	38	-1
49	38	1
49	45	-1
49	45	1
49	64	-1
49	64	1
49	70	-1
49	70	1
49	71	-1
49	71	1
49	78	-1
49	78	1
49	101	-1
49	101	1
49	126	-1
49	126	1
49	127	-1
49	127	1
50	-2	-1
50	-2	1
50	10	-1
50	10	1
50	12	-1
50	12	1
50	32	-1
50	32	1
50	33	-1
50	33	1
50	38	-1
50	39	-1
50	39	1
50	40	-1
50	40	1
50	41	-1
50	41	1
50	42	-1
50	42	1
50	43	-1
50	43	1
50	44	-1
50	44	1
50	45	-1
50	45	1
50	46	-1
50	46	1
50	64	-1
50	64	1
50	69	1
50	70	-1
50	70	1
50	78	-1
50	78	1
50	102	-1
50	102	1
50	125	-1
50	125	1
51	-3	-1
51	-3	1
51	-2	-1
51	-2	1
51	9	-1
51	9	1
51	13	-1
51	13	1
51	30	-1
51	30	1
51	31	-1
51	31	1
51	40	-1
51	40	1
51	44	-1
51	44	1
51	46	-1
51	46	1
51	47	-1
51	47	1
51	65	-1
51	65	1
51	68	-1
51	68	1
51	69	-1
51	69	1
51	78	-1
51	78	1
51	102	-1
51	102	1
51	124	-1
51	124	1
51	125	-1
51	125	1
52	-3	-1
52	-3	1
52	8	-1
52	8	1
52	13	-1
52	13	1
52	29	-1
52	29	1
52	30	-1
52	30	1
52	39	-1
52	39	1
52	40	-1
52	40	1
52	44	-1
52	44	1
52	48	-1
52	48	1
52	49	-1
52	49	1
52	65	-1
52	65	1
52	67	-1
52	67	1
52	68	1
52	78	-1
52	78	1
52	102	-1
52	102	1
52	124	-1
52	124	1
53	-4	-1
53	-4	1
53	7	-1
53	7	1
53	14	-1
53	14	1
53	27	-1
53	27	1
53	28	-1
53	28	1
53	39	-1
53	39	1
53	44	-1
53	44	1
53	49	-1
53	49	1
53	50	-1
53	50	1
53	66	-1
53	66	1
53	67	-1
53	67	1
53	78	-1
53	78	1
53	102	-1
53	102	1
53	123	-1
53	123	1
54	-5	-1
54	-5	1
54	6	-1
54	6	1
54	14	-1
54	14	1
54	15	-1
54	15	1
54	26	-1
54	26	1
54	27	-1
54	27	1
54	38	-1
54	38	1
54	43	-1
54	43	1
54	50	-1
54	50	1
54	51	-1
54	51	1
54	65	-1
54	65	1
54	66	-1
54	66	1
54	78	-1
54	78	1
54	103	-1
54	103	1
54	122	-1
54	122	1
55	-6	-1
55	-6	1
55	5	-1
55	5	1
55	15	-1
55	15	1
55	24	-1
55	24	1
55	25	-1
55	25	1
55	37	-1
55	37	1
55	38	-1
55	38	1
55	43	-1
55	43	1
55	52	-1
55	52	1
55	53	-1
55	53	1
55	64	-1
55	64	1
55	65	-1
55	65	1
55	78	-1
55	78	1
55	103	-1
55	103	1
55	121	-1
55	121	1
56	-7	-1
56	-7	1
56	4	-1
56	4	1
56	15	-1
56	15	1
56	23	-1
56	23	1
56	24	-1
56	24	1
56	37	-1
56	37	1
56	43	-1
56	43	1
56	53	-1
56	53	1
56	54	-1
56	54	1
56	63	-1
56	63	1
56	64	-1
56	64	1
56	78	-1
56	78	1
56	103	-1
56	103	1
56	120	-1
56	120	1
57	-8	-1
57	-8	1
57	-7	-1
57	-7	1
57	3	-1
57	3	1
57	16	-1
57	16	1
57	21	-1
57	21	1
57	22	-1
57	22	1
57	37	-1
57	37	1
57	43	-1
57	43	1
57	54	-1
57	54	1
57	55	-1
57	55	1
57	63	-1
57	63	1
57	79	-1
57	79	1
57	103	-1
57	103	1
57	119	-1
57	119	1
57	120	-1
57	120	1
58	-9	-1
58	-9	1
58	2	-1
58	2	1
58	16	-1
58	16	1
58	17	1
58	19	-1
58	19	1
58	20	-1
58	20	1
58	36	-1
58	36	1
58	43	-1
58	43	1
58	56	-1
58	56	1
58	57	-1
58	57	1
58	62	-1
58	62	1
58	79	-1
58	79	1
58	103	-1
58	104	-1
58	104	1
58	118	-1
58	118	1
59	-9	-1
59	-9	1
59	1	-1
59	1	1
59	17	-1
59	17	1
59	18	-1
59	18	1
59	19	-1
59	19	1
59	36	-1
59	36	1
59	43	-1
59	43	1
59	57	-1
59	57	1
59	58	-1
59	58	1
59	61	-1
59	61	1
59	79	-1
59	79	1
59	104	-1
59	104	1
59	118	-1
59	118	1
60	-11	-1
60	-11	1
60	-10	-1
60	-10	1
60	0	-1
60	0	1
60	17	-1
60	17	1
60	35	-1
60	35	1
60	43	-1
60	43	1
60	58	-1
60	58	1
60	59	-1
60	59	1
60	60	-1
60	60	1
60	79	-1
60	79	1
60	104	-1
60	104	1
60	116	-1
60	116	1
60	117	-1
60	117	1
61	-11	-1
61	-11	1
61	-1	-1
61	-1	1
61	17	-1
61	17	1
61	34	-1
61	34	1
61	35	-1
61	35	1
61	43	-1
61	43	1
61	60	-1
61	60	1
61	79	-1
61	79	1
61	104	-1
61	104	1
61	116	-1
61	116	1
62	-12	-1
62	-12	1
62	-2	-1
62	-2	1
62	17	-1
62	17	1
62	34	-1
62	34	1
62	42	-1
62	42	1
62	60	-1
62	60	1
62	79	-1
62	79	1
62	104	-1
62	104	1
62	105	-1
62	105	1
62	106	-1
62	106	1
62	107	-1
62	107	1
62	115	-1
62	115	1
63	-13	-1
63	-13	1
63	-3	-1
63	-3	1
63	17	-1
63	17	1
63	33	-1
63	33	1
63	42	-1
63	42	1
63	60	-1
63	60	1
63	61	-1
63	61	1
63	79	-1
63	79	1
63	103	-1
63	103	1
63	108	-1
63	108	1
63	109	-1
63	109	1
63	110	-1
63	110	1
63	114	-1
63	114	1
64	-14	-1
64	-14	1
64	-4	-1
64	-4	1
64	17	-1
64	17	1
64	33	-1
64	33	1
64	42	-1
64	42	1
64	61	-1
64	61	1
64	79	-1
64	79	1
64	102	-1
64	102	1
64	111	-1
64	111	1
64	112	-1
64	112	1
64	113	-1
64	113	1
65	-13	-1
65	-13	1
65	-12	-1
65	-12	1
65	-5	-1
65	-5	1
65	17	-1
65	17	1
65	32	-1
65	32	1
65	42	-1
65	42	1
65	61	-1
65	61	1
65	79	-1
65	79	1
65	101	-1
65	101	1
65	114	-1
65	114	1
65	115	-1
65	115	1
66	-12	-1
66	-11	-1
66	-11	1
66	-6	-1
66	-6	1
66	17	-1
66	17	1
66	32	-1
66	32	1
66	42	-1
66	42	1
66	59	-1
66	59	1
66	60	-1
66	60	1
66	62	-1
66	62	1
66	80	-1
66	80	1
66	100	-1
66	100	1
66	116	-1
66	116	1
67	-10	-1
67	-10	1
67	-9	-1
67	-9	1
67	-8	-1
67	-8	1
67	-7	-1
67	-7	1
67	-6	-1
67	-6	1
67	17	-1
67	17	1
67	31	-1
67	31	1
67	42	-1
67	42	1
67	58	-1
67	58	1
67	59	-1
67	59	1
67	63	-1
67	63	1
67	80	-1
67	80	1
67	99	-1
67	99	1
67	117	-1
67	117	1
68	-10	-1
68	-10	1
68	-5	-1
68	-5	1
68	-4	-1
68	-4	1
68	-3	-1
68	-3	1
68	-2	-1
68	-2	1
68	-1	-1
68	-1	1
68	17	-1
68	17	1
68	30	-1
68	30	1
68	31	-1
68	31	1
68	42	-1
68	42	1
68	56	-1
68	56	1
68	57	-1
68	57	1
68	64	-1
68	64	1
68	80	-1
68	80	1
68	98	-1
68	98	1
68	117	-1
68	117	1
69	-9	-1
69	-9	1
69	0	-1
69	0	1
69	1	-1
69	1	1
69	2	-1
69	2	1
69	3	-1
69	3	1
69	17	-1
69	17	1
69	30	-1
69	30	1
69	42	-1
69	42	1
69	54	-1
69	54	1
69	55	-1
69	55	1
69	65	-1
69	65	1
69	80	-1
69	80	1
69	94	-1
69	94	1
69	95	-1
69	95	1
69	96	-1
69	96	1
69	97	-1
69	97	1
69	118	-1
69	118	1
70	-9	-1
70	-9	1
70	4	-1
70	4	1
70	5	-1
70	5	1
70	6	-1
70	6	1
70	7	-1
70	7	1
70	17	-1
70	17	1
70	20	-1
70	20	1
70	21	-1
70	21	1
70	22	-1
70	22	1
70	23	-1
70	23	1
70	24	-1
70	24	1
70	25	-1
70	25	1
70	26	-1
70	26	1
70	27	-1
70	27	1
70	28	-1
70	28	1
70	29	-1
70	29	1
70	30	-1
70	30	1
70	41	-1
70	41	1
70	53	-1
70	53	1
70	66	-1
70	66	1
70	80	-1
70	80	1
70	89	-1
70	89	1
70	90	-1
70	90	1
70	91	-1
70	91	1
70	92	-1
70	92	1
70	93	-1
70	93	1
70	97	-1
70	97	1
70	118	-1
70	118	1
71	-9	-1
71	-9	1
71	8	-1
71	8	1
71	9	-1
71	9	1
71	10	-1
71	10	1
71	11	-1
71	11	1
71	12	-1
71	12	1
71	16	-1
71	16	1
71	17	-1
71	17	1
71	18	-1
71	18	1
71	19	-1
71	19	1
71	31	-1
71	31	1
71	32	-1
71	32	1
71	41	-1
71	41	1
71	51	-1
71	51	1
71	52	-1
71	52	1
71	67	-1
71	67	1
71	80	-1
71	80	1
71	84	-1
71	84	1
71	85	-1
71	85	1
71	86	-1
71	86	1
71	87	-1
71	87	1
71	88	-1
71	88	1
71	98	-1
71	98	1
71	118	-1
71	118	1
72	-9	-1
72	-9	1
72	13	-1
72	13	1
72	14	-1
72	14	1
72	15	-1
72	15	1
72	33	-1
72	33	1
72	34	-1
72	34	1
72	41	-1
72	41	1
72	49	-1
72	49	1
72	50	-1
72	50	1
72	68	-1
72	68	1
72	80	-1
72	80	1
72	81	-1
72	81	1
72	82	-1
72	82	1
72	83	-1
72	83	1
72	98	-1
72	98	1
72	118	-1
72	118	1
73	-9	-1
73	-9	1
73	15	-1
73	15	1
73	35	-1
73	35	1
73	36	-1
73	36	1
73	41	-1
73	41	1
73	47	-1
73	47	1
73	48	-1
73	48	1
73	69	-1
73	69	1
73	78	-1
73	78	1
73	79	-1
73	79	1
73	98	-1
73	98	1
73	118	-1
73	118	1
74	-9	-1
74	-9	1
74	15	-1
74	15	1
74	36	-1
74	36	1
74	37	-1
74	37	1
74	41	-1
74	41	1
74	46	-1
74	46	1
74	70	-1
74	70	1
74	76	-1
74	76	1
74	77	-1
74	77	1
74	78	-1
74	78	1
74	98	-1
74	98	1
74	118	-1
74	118	1
75	-9	-1
75	-9	1
75	15	-1
75	15	1
75	38	-1
75	38	1
75	39	-1
75	39	1
75	41	-1
75	41	1
75	44	-1
75	44	1
75	45	-1
75	45	1
75	71	-1
75	71	1
75	72	-1
75	72	1
75	73	-1
75	73	1
75	74	-1
75	74	1
75	75	-1
75	75	1
75	98	-1
75	98	1
75	118	-1
75	118	1
76	-9	-1
76	-9	1
76	15	-1
76	15	1
76	40	-1
76	40	1
76	41	-1
76	41	1
76	42	-1
76	42	1
76	43	-1
76	43	1
76	71	-1
76	71	1
76	75	-1
76	75	1
76	98	-1
76	98	1
76	99	-1
76	99	1
76	118	-1
76	118	1
77	-9	-1
77	-9	1
77	15	-1
77	15	1
77	41	-1
77	41	1
77	70	-1
77	70	1
77	71	-1
77	71	1
77	75	-1
77	75	1
77	76	-1
77	76	1
77	98	-1
77	98	1
77	99	-1
77	99	1
77	118	-1
77	118	1
78	-8	-1
78	-8	1
78	15	-1
78	15	1
78	41	-1
78	41	1
78	69	-1
78	69	1
78	70	-1
78	76	-1
78	76	1
78	98	-1
78	98	1
78	100	-1
78	100	1
78	119	-1
78	119	1
79	-8	-1
79	-8	1
79	15	-1
79	15	1
79	41	-1
79	41	1
79	42	-1
79	69	-1
79	69	1
79	77	-1
79	77	1
79	97	-1
79	97	1
79	98	1
79	101	-1
79	101	1
79	119	-1
79	119	1
80	-8	-1
80	-8	1
80	15	-1
80	15	1
80	42	-1
80	42	1
80	68	-1
80	68	1
80	69	-1
80	78	-1
80	78	1
80	97	-1
80	97	1
80	101	-1
80	101	1
80	102	-1
80	102	1
80	119	-1
80	119	1
81	-8	-1
81	-8	1
81	16	-1
81	16	1
81	42	-1
81	42	1
81	68	-1
81	68	1
81	78	-1
81	78	1
81	97	-1
81	97	1
81	102	-1
81	102	1
81	119	-1
81	119	1
82	-8	-1
82	-8	1
82	16	-1
82	16	1
82	42	-1
82	42	1
82	67	-1
82	67	1
82	79	-1
82	79	1
82	97	-1
82	97	1
82	103	-1
82	103	1
82	119	-1
82	119	1
83	-8	-1
83	-8	1
83	16	-1
83	16	1
83	42	-1
83	42	1
83	66	-1
83	66	1
83	67	-1
83	67	1
83	79	-1
83	79	1
83	96	-1
83	96	1
83	104	-1
83	104	1
83	119	-1
83	119	1
84	-8	-1
84	-8	1
84	16	-1
84	16	1
84	42	-1
84	42	1
84	66	-1
84	66	1
84	80	-1
84	80	1
84	96	-1
84	96	1
84	104	-1
84	104	1
84	105	-1
84	105	1
84	119	-1
84	119	1
85	-8	-1
85	-8	1
85	16	-1
85	16	1
85	42	-1
85	42	1
85	64	-1
85	64	1
85	65	-1
85	65	1
85	66	-1
85	80	-1
85	80	1
85	81	-1
85	81	1
85	96	-1
85	96	1
85	105	-1
85	105	1
85	119	-1
85	119	1
86	-8	-1
86	-8	1
86	16	-1
86	16	1
86	17	-1
86	17	1
86	42	-1
86	42	1
86	58	-1
86	58	1
86	59	-1
86	59	1
86	60	-1
86	60	1
86	61	-1
86	61	1
86	62	-1
86	62	1
86	63	-1
86	63	1
86	65	-1
86	65	1
86	66	-1
86	66	1
86	81	-1
86	81	1
86	96	-1
86	96	1
86	106	-1
86	106	1
86	119	-1
86	119	1
87	-7	-1
87	-7	1
87	14	-1
87	14	1
87	15	-1
87	15	1
87	16	-1
87	16	1
87	18	-1
87	18	1
87	19	-1
87	19	1
87	20	-1
87	20	1
87	21	-1
87	21	1
87	22	-1
87	22	1
87	23	-1
87	23	1
87	24	-1
87	24	1
87	25	-1
87	25	1
87	42	-1
87	42	1
87	52	-1
87	52	1
87	53	-1
87	53	1
87	54	-1
87	54	1
87	55	-1
87	55	1
87	56	-1
87	56	1
87	57	-1
87	57	1
87	65	-1
87	65	1
87	66	-1
87	66	1
87	67	-1
87	67	1
87	82	-1
87	82	1
87	96	-1
87	96	1
87	107	-1
87	107	1
87	120	-1
87	120	1
88	-7	-1
88	-7	1
88	13	-1
88	13	1
88	14	-1
88	14	1
88	17	-1
88	17	1
88	26	-1
88	26	1
88	27	-1
88	27	1
88	28	-1
88	28	1
88	29	-1
88	29	1
88	30	-1
88	30	1
88	31	-1
88	31	1
88	32	-1
88	32	1
88	33	-1
88	33	1
88	42	-1
88	42	1
88	46	-1
88	46	1
88	47	-1
88	47	1
88	48	-1
88	48	1
88	49	-1
88	49	1
88	50	-1
88	50	1
88	51	-1
88	51	1
88	64	-1
88	64	1
88	67	-1
88	67	1
88	82	-1
88	82	1
88	95	-1
88	95	1
88	107	-1
88	107	1
88	108	-1
88	108	1
88	120	-1
88	120	1
89	-7	-1
89	-7	1
89	12	-1
89	12	1
89	17	-1
89	17	1
89	34	-1
89	34	1
89	35	-1
89	35	1
89	36	-1
89	36	1
89	37	-1
89	37	1
89	38	-1
89	38	1
89	39	-1
89	39	1
89	40	-1
89	40	1
89	41	-1
89	41	1
89	42	-1
89	42	1
89	43	-1
89	43	1
89	44	-1
89	44	1
89	45	-1
89	45	1
89	64	-1
89	64	1
89	68	-1
89	68	1
89	83	-1
89	83	1
89	95	-1
89	95	1
89	108	-1
89	108	1
89	120	-1
89	120	1
90	-7	-1
90	-7	1
90	10	-1
90	10	1
90	11	-1
90	11	1
90	17	-1
90	18	-1
90	18	1
90	42	-1
90	42	1
90	64	-1
90	64	1
90	68	-1
90	68	1
90	69	-1
90	69	1
90	83	-1
90	83	1
90	84	-1
90	84	1
90	95	-1
90	95	1
90	109	-1
90	109	1
90	120	-1
90	120	1
91	-7	-1
91	-7	1
91	9	-1
91	9	1
91	10	-1
91	10	1
91	18	-1
91	18	1
91	42	-1
91	42	1
91	64	-1
91	64	1
91	69	-1
91	69	1
91	84	-1
91	84	1
91	95	-1
91	95	1
91	110	-1
91	110	1
91	120	-1
91	120	1
92	-6	-1
92	-6	1
92	-5	-1
92	-5	1
92	-4	-1
92	-4	1
92	-3	-1
92	-3	1
92	-2	-1
92	-2	1
92	-1	-1
92	-1	1
92	7	-1
92	7	1
92	8	-1
92	8	1
92	18	-1
92	18	1
92	42	-1
92	42	1
92	63	-1
92	63	1
92	70	-1
92	70	1
92	85	-1
92	85	1
92	94	-1
92	94	1
92	110	-1
92	110	1
92	111	-1
92	111	1
92	119	-1
92	119	1
92	121	-1
92	121	1
92	122	-1
92	122	1
92	123	-1
92	123	1
92	124	-1
92	124	1
92	125	-1
92	125	1
92	126	-1
92	126	1
93	0	-1
93	0	1
93	1	-1
93	1	1
93	2	-1
93	2	1
93	3	-1
93	3	1
93	4	-1
93	4	1
93	6	-1
93	6	1
93	7	-1
93	7	1
93	19	-1
93	19	1
93	42	-1
93	42	1
93	63	-1
93	63	1
93	70	-1
93	70	1
93	71	-1
93	71	1
93	85	-1
93	85	1
93	94	-1
93	94	1
93	108	-1
93	108	1
93	109	-1
93	109	1
93	110	-1
93	110	1
93	111	-1
93	111	1
93	118	-1
93	118	1
93	127	-1
93	127	1
93	128	-1
93	128	1
93	129	-1
93	129	1
93	130	-1
93	130	1
93	131	-1
93	131	1
93	132	-1
94	5	-1
94	5	1
94	6	-1
94	6	1
94	19	-1
94	19	1
94	20	-1
94	42	-1
94	42	1
94	63	-1
94	63	1
94	71	-1
94	71	1
94	86	-1
94	86	1
94	94	-1
94	94	1
94	98	-1
94	98	1
94	99	-1
94	99	1
94	100	-1
94	100	1
94	101	-1
94	101	1
94	102	-1
94	102	1
94	103	-1
94	103	1
94	104	-1
94	104	1
94	105	-1
94	105	1
94	106	-1
94	106	1
94	107	-1
94	107	1
94	112	-1
94	112	1
94	113	-1
94	113	1
94	114	-1
94	114	1
94	116	-1
94	116	1
94	117	-1
94	117	1
94	132	1
94	133	-1
94	133	1
95	6	-1
95	6	1
95	20	-1
95	20	1
95	42	-1
95	42	1
95	63	-1
95	63	1
95	72	-1
95	72	1
95	86	-1
95	86	1
95	94	-1
95	94	1
95	95	-1
95	95	1
95	96	-1
95	96	1
95	97	-1
95	97	1
95	115	-1
95	115	1
95	133	-1
95	133	1
96	6	-1
96	6	1
96	21	-1
96	21	1
96	42	-1
96	42	1
96	62	-1
96	62	1
96	72	-1
96	72	1
96	73	-1
96	73	1
96	87	-1
96	87	1
96	92	-1
96	92	1
96	93	-1
96	93	1
96	115	-1
96	115	1
96	133	-1
96	133	1
97	6	-1
97	6	1
97	21	-1
97	21	1
97	42	-1
97	42	1
97	62	-1
97	62	1
97	73	-1
97	73	1
97	87	-1
97	87	1
97	88	-1
97	88	1
97	92	-1
97	92	1
97	115	-1
97	115	1
97	133	-1
97	133	1
98	6	-1
98	6	1
98	21	-1
98	22	-1
98	22	1
98	42	-1
98	42	1
98	62	-1
98	62	1
98	74	-1
98	74	1
98	88	-1
98	88	1
98	90	-1
98	90	1
98	91	-1
98	91	1
98	114	-1
98	114	1
98	133	-1
98	133	1
99	6	-1
99	6	1
99	22	-1
99	22	1
99	42	-1
99	42	1
99	62	-1
99	62	1
99	74	-1
99	74	1
99	75	-1
99	75	1
99	89	-1
99	89	1
99	90	-1
99	90	1
99	114	-1
99	114	1
99	133	-1
99	133	1
100	6	-1
100	6	1
100	22	-1
100	22	1
100	23	-1
100	23	1
100	24	-1
100	24	1
100	25	-1
100	25	1
100	26	-1
100	26	1
100	27	-1
100	27	1
100	42	-1
100	42	1
100	61	-1
100	61	1
100	75	-1
100	75	1
100	89	-1
100	89	1
100	114	-1
100	114	1
100	133	-1
100	133	1
101	6	-1
101	6	1
101	22	-1
101	22	1
101	28	-1
101	28	1
101	29	-1
101	29	1
101	30	-1
101	30	1
101	31	-1
101	31	1
101	32	-1
101	32	1
101	33	-1
101	33	1
101	34	-1
101	34	1
101	35	-1
101	35	1
101	36	-1
101	36	1
101	42	-1
101	42	1
101	61	-1
101	61	1
101	76	-1
101	76	1
101	89	-1
101	89	1
101	114	-1
101	114	1
101	133	-1
101	133	1
102	6	-1
102	6	1
102	22	-1
102	22	1
102	37	-1
102	37	1
102	38	-1
102	38	1
102	39	-1
102	39	1
102	40	-1
102	40	1
102	41	-1
102	41	1
102	42	-1
102	42	1
102	61	-1
102	61	1
102	76	-1
102	76	1
102	77	-1
102	77	1
102	89	-1
102	89	1
102	112	-1
102	112	1
102	113	-1
102	113	1
102	114	1
102	133	-1
102	133	1
103	6	-1
103	6	1
103	22	-1
103	22	1
103	42	-1
103	42	1
103	61	-1
103	61	1
103	77	-1
103	77	1
103	88	-1
103	88	1
103	111	-1
103	111	1
103	112	-1
103	112	1
103	114	-1
103	114	1
103	133	-1
103	133	1
104	7	-1
104	7	1
104	21	-1
104	21	1
104	41	-1
104	41	1
104	42	-1
104	42	1
104	43	-1
104	43	1
104	60	-1
104	60	1
104	78	-1
104	78	1
104	88	-1
104	88	1
104	109	-1
104	109	1
104	110	-1
104	110	1
104	114	-1
104	114	1
104	115	-1
104	115	1
104	134	-1
104	134	1
105	7	-1
105	7	1
105	21	-1
105	21	1
105	39	-1
105	39	1
105	40	-1
105	40	1
105	43	-1
105	43	1
105	44	-1
105	60	-1
105	60	1
105	78	-1
105	78	1
105	79	-1
105	79	1
105	88	-1
105	88	1
105	107	-1
105	107	1
105	108	-1
105	108	1
105	115	-1
105	115	1
105	134	-1
105	134	1
106	7	-1
106	7	1
106	21	-1
106	21	1
106	36	-1
106	36	1
106	37	-1
106	37	1
106	38	-1
106	38	1
106	44	-1
106	44	1
106	60	-1
106	60	1
106	79	-1
106	79	1
106	88	-1
106	88	1
106	105	-1
106	105	1
106	106	-1
106	106	1
106	116	-1
106	116	1
106	134	-1
106	134	1
107	7	-1
107	7	1
107	20	-1
107	20	1
107	21	-1
107	21	1
107	33	-1
107	33	1
107	34	-1
107	34	1
107	35	-1
107	35	1
107	45	-1
107	45	1
107	58	-1
107	58	1
107	59	-1
107	59	1
107	60	-1
107	60	1
107	80	-1
107	80	1
107	87	-1
107	87	1
107	88	-1
107	88	1
107	103	-1
107	103	1
107	104	-1
107	104	1
107	105	-1
107	105	1
107	116	-1
107	116	1
107	117	1
107	134	-1
107	134	1
108	7	-1
108	7	1
108	20	-1
108	20	1
108	30	-1
108	30	1
108	31	-1
108	31	1
108	32	-1
108	32	1
108	44	-1
108	44	1
108	45	-1
108	45	1
108	46	-1
108	46	1
108	51	-1
108	51	1
108	52	-1
108	52	1
108	53	-1
108	53	1
108	54	-1
108	54	1
108	55	-1
108	55	1
108	56	-1
108	56	1
108	57	-1
108	57	1
108	60	-1
108	61	-1
108	61	1
108	62	-1
108	62	1
108	80	-1
108	80	1
108	81	-1
108	81	1
108	87	-1
108	87	1
108	101	-1
108	101	1
108	102	-1
108	102	1
108	103	-1
108	103	1
108	117	-1
108	117	1
108	134	-1
108	134	1
109	7	-1
109	7	1
109	20	-1
109	20	1
109	27	-1
109	27	1
109	28	-1
109	28	1
109	29	-1
109	29	1
109	43	-1
109	43	1
109	44	-1
109	44	1
109	47	-1
109	47	1
109	48	-1
109	48	1
109	49	-1
109	49	1
109	50	-1
109	50	1
109	62	1
109	63	-1
109	63	1
109	64	-1
109	64	1
109	81	-1
109	81	1
109	87	-1
109	87	1
109	99	-1
109	99	1
109	100	-1
109	100	1
109	117	-1
109	117	1
109	118	-1
109	118	1
109	119	-1
109	119	1
109	134	-1
109	134	1
110	7	-1
110	7	1
110	17	-1
110	18	-1
110	18	1
110	19	-1
110	19	1
110	20	-1
110	20	1
110	25	-1
110	25	1
110	26	-1
110	26	1
110	27	-1
110	27	1
110	42	-1
110	42	1
110	43	-1
110	43	1
110	47	-1
110	47	1
110	65	-1
110	65	1
110	66	-1
110	66	1
110	82	-1
110	82	1
110	85	-1
110	85	1
110	86	-1
110	86	1
110	88	-1
110	88	1
110	89	-1
110	89	1
110	90	-1
110	90	1
110	97	-1
110	97	1
110	98	-1
110	98	1
110	117	-1
110	117	1
110	119	-1
110	119	1
110	120	-1
110	120	1
110	121	-1
110	121	1
110	134	-1
110	134	1
111	7	-1
111	7	1
111	9	-1
111	9	1
111	10	-1
111	10	1
111	11	-1
111	11	1
111	12	-1
111	12	1
111	13	-1
111	13	1
111	14	-1
111	14	1
111	15	-1
111	15	1
111	16	-1
111	16	1
111	17	-1
111	17	1
111	21	-1
111	21	1
111	22	-1
111	22	1
111	23	-1
111	23	1
111	24	-1
111	24	1
111	41	-1
111	41	1
111	42	-1
111	42	1
111	47	-1
111	47	1
111	67	-1
111	67	1
111	68	-1
111	68	1
111	69	-1
111	69	1
111	82	-1
111	82	1
111	83	-1
111	83	1
111	84	-1
111	84	1
111	91	-1
111	91	1
111	92	-1
111	92	1
111	93	-1
111	93	1
111	96	-1
111	96	1
111	97	-1
111	97	1
111	117	-1
111	117	1
111	122	-1
111	122	1
111	123	-1
111	123	1
111	124	-1
111	124	1
111	125	-1
111	125	1
111	134	-1
111	134	1
112	7	-1
112	7	1
112	8	-1
112	8	1
112	22	-1
112	22	1
112	40	-1
112	40	1
112	41	-1
112	41	1
112	47	-1
112	47	1
112	70	-1
112	70	1
112	71	-1
112	71	1
112	82	-1
112	82	1
112	94	-1
112	94	1
112	95	-1
112	95	1
112	116	-1
112	116	1
112	125	-1
112	125	1
112	126	-1
112	126	1
112	127	-1
112	127	1
112	128	-1
112	128	1
112	134	-1
112	134	1
113	6	-1
113	6	1
113	22	-1
113	23	1
113	39	-1
113	39	1
113	40	-1
113	40	1
113	47	-1
113	47	1
113	71	-1
113	71	1
113	72	-1
113	72	1
113	73	-1
113	73	1
113	74	-1
113	74	1
113	75	-1
113	75	1
113	76	-1
113	76	1
113	77	-1
113	77	1
113	78	-1
113	78	1
113	79	-1
113	79	1
113	80	-1
113	80	1
113	81	-1
113	81	1
113	96	-1
113	96	1
113	116	-1
113	116	1
113	129	-1
113	129	1
113	130	-1
113	130	1
113	131	-1
113	131	1
113	133	-1
113	133	1
114	6	-1
114	6	1
114	23	-1
114	23	1
114	38	-1
114	38	1
114	48	-1
114	48	1
114	70	-1
114	70	1
114	71	-1
114	71	1
114	81	-1
114	81	1
114	97	-1
114	97	1
114	115	-1
114	115	1
114	132	-1
114	132	1
114	133	-1
114	133	1
115	6	-1
115	6	1
115	23	-1
115	24	-1
115	24	1
115	37	-1
115	37	1
115	48	-1
115	48	1
115	69	-1
115	69	1
115	70	1
115	81	-1
115	81	1
115	98	-1
115	98	1
115	115	-1
115	115	1
115	133	-1
115	133	1
116	6	-1
116	6	1
116	24	-1
116	24	1
116	35	-1
116	35	1
116	36	-1
116	36	1
116	48	-1
116	48	1
116	68	1
116	69	-1
116	69	1
116	81	-1
116	81	1
116	99	-1
116	99	1
116	114	-1
116	114	1
116	133	-1
116	133	1
117	6	-1
117	6	1
117	24	1
117	25	-1
117	34	-1
117	34	1
117	35	-1
117	35	1
117	48	-1
117	48	1
117	67	-1
117	67	1
117	68	-1
117	68	1
117	81	-1
117	81	1
117	99	-1
117	99	1
117	100	-1
117	100	1
117	114	-1
117	114	1
117	132	-1
117	132	1
117	133	-1
117	133	1
118	6	-1
118	6	1
118	25	-1
118	25	1
118	33	-1
118	33	1
118	34	-1
118	35	-1
118	35	1
118	48	-1
118	48	1
118	67	-1
118	67	1
118	81	-1
118	81	1
118	101	-1
118	101	1
118	113	-1
118	113	1
118	129	-1
118	129	1
118	130	-1
118	130	1
118	131	-1
118	131	1
118	133	-1
118	133	1
119	6	-1
119	6	1
119	25	1
119	26	-1
119	31	-1
119	31	1
119	32	-1
119	32	1
119	35	-1
119	35	1
119	48	-1
119	48	1
119	66	-1
119	66	1
119	81	-1
119	81	1
119	101	-1
119	101	1
119	113	-1
119	113	1
119	127	-1
119	127	1
119	128	-1
119	128	1
119	133	-1
119	133	1
120	7	-1
120	7	1
120	26	-1
120	26	1
120	29	-1
120	29	1
120	30	-1
120	30	1
120	36	-1
120	36	1
120	48	-1
120	48	1
120	65	-1
120	65	1
120	81	-1
120	81	1
120	102	-1
120	102	1
120	103	-1
120	103	1
120	112	-1
120	112	1
120	124	-1
120	124	1
120	125	-1
120	125	1
120	126	-1
120	126	1
120	134	-1
120	134	1
121	7	-1
121	7	1
121	8	-1
121	8	1
121	26	-1
121	27	-1
121	27	1
121	28	-1
121	28	1
121	29	-1
121	36	-1
121	36	1
121	48	-1
121	48	1
121	49	-1
121	49	1
121	64	-1
121	64	1
121	81	-1
121	81	1
121	103	-1
121	103	1
121	112	-1
121	112	1
121	123	-1
121	123	1
121	124	1
121	134	-1
121	134	1
122	9	-1
122	9	1
122	27	-1
122	27	1
122	37	-1
122	37	1
122	47	-1
122	47	1
122	50	-1
122	50	1
122	51	-1
122	63	-1
122	63	1
122	64	1
122	81	-1
122	81	1
122	104	-1
122	104	1
122	105	-1
122	105	1
122	111	-1
122	111	1
122	120	-1
122	120	1
122	121	-1
122	121	1
122	122	-1
122	122	1
122	133	-1
122	133	1
123	9	-1
123	9	1
123	10	-1
123	10	1
123	27	-1
123	27	1
123	37	-1
123	37	1
123	46	-1
123	46	1
123	51	-1
123	51	1
123	52	1
123	62	-1
123	62	1
123	63	-1
123	63	1
123	81	-1
123	81	1
123	105	-1
123	105	1
123	111	-1
123	111	1
123	118	-1
123	118	1
123	119	-1
123	119	1
123	133	-1
123	133	1
124	11	-1
124	11	1
124	12	-1
124	12	1
124	13	-1
124	13	1
124	14	-1
124	14	1
124	15	-1
124	15	1
124	16	-1
124	16	1
124	17	-1
124	17	1
124	26	-1
124	26	1
124	38	-1
124	38	1
124	45	-1
124	45	1
124	52	-1
124	52	1
124	53	-1
124	62	-1
124	62	1
124	81	-1
124	81	1
124	106	-1
124	106	1
124	110	-1
124	110	1
124	115	1
124	116	-1
124	116	1
124	117	-1
124	117	1
124	132	-1
124	132	1
125	18	-1
125	18	1
125	19	-1
125	19	1
125	20	-1
125	20	1
125	21	-1
125	21	1
125	22	-1
125	22	1
125	23	-1
125	23	1
125	24	-1
125	24	1
125	25	-1
125	25	1
125	26	-1
125	26	1
125	27	-1
125	27	1
125	28	-1
125	28	1
125	29	-1
125	29	1
125	30	-1
125	30	1
125	31	-1
125	31	1
125	32	-1
125	32	1
125	33	-1
125	33	1
125	34	-1
125	34	1
125	35	-1
125	35	1
125	36	-1
125	36	1
125	37	-1
125	37	1
125	38	-1
125	38	1
125	39	-1
125	39	1
125	44	-1
125	44	1
125	45	-1
125	45	1
125	53	1
125	54	-1
125	54	1
125	60	1
125	61	-1
125	61	1
125	80	-1
125	80	1
125	107	-1
125	107	1
125	110	-1
125	110	1
125	113	-1
125	113	1
125	114	-1
125	114	1
125	115	-1
125	115	1
125	131	-1
125	132	1
126	40	-1
126	40	1
126	41	-1
126	41	1
126	42	-1
126	42	1
126	43	-1
126	43	1
126	54	-1
126	55	-1
126	55	1
126	60	-1
126	60	1
126	80	-1
126	80	1
126	108	-1
126	108	1
126	109	-1
126	109	1
126	111	1
126	112	-1
126	112	1
126	113	1
126	131	-1
126	131	1
127	43	-1
127	43	1
127	55	1
127	56	-1
127	56	1
127	59	-1
127	59	1
127	79	-1
127	80	-1
127	80	1
127	109	-1
127	109	1
127	110	-1
127	110	1
127	111	-1
127	111	1
127	131	-1
127	131	1
128	57	-1
128	57	1
128	58	-1
128	58	1
128	79	-1
128	79	1
128	109	-1
128	109	1
128	130	-1
128	130	1
129	57	-1
129	58	-1
129	58	1
129	79	-1
129	79	1
129	109	-1
129	109	1
129	130	-1
129	130	1
130	58	-1
130	58	1
130	78	-1
130	79	1
130	109	-1
130	109	1
130	129	-1
130	129	1
131	58	-1
131	58	1
131	78	-1
131	78	1
131	110	-1
131	110	1
131	111	-1
131	111	1
131	128	-1
131	128	1
131	129	-1
131	129	1
132	59	-1
132	59	1
132	77	-1
132	78	-1
132	78	1
132	112	-1
132	112	1
132	113	-1
132	113	1
132	124	-1
132	124	1
132	125	-1
132	125	1
132	126	-1
132	126	1
132	127	-1
132	127	1
133	60	-1
133	60	1
133	61	-1
133	61	1
133	75	-1
133	75	1
133	76	-1
133	76	1
133	77	-1
133	77	1
133	114	-1
133	114	1
133	115	1
133	120	-1
133	120	1
133	121	-1
133	121	1
133	122	-1
133	122	1
133	123	-1
133	123	1
134	61	-1
134	61	1
134	62	-1
134	62	1
134	72	-1
134	72	1
134	73	-1
134	73	1
134	74	-1
134	74	1
134	115	-1
134	116	-1
134	116	1
134	117	-1
134	117	1
134	118	-1
134	118	1
134	119	-1
134	119	1
135	63	-1
135	63	1
135	69	1
135	70	-1
135	70	1
135	71	-1
135	71	1
136	64	-1
136	64	1
136	65	-1
136	65	1
136	67	-1
136	67	1
136	68	-1
136	68	1
136	69	-1
137	65	-1
137	65	1
137	66	-1
137	66	1
137	67	1
